#For the magnitude of devolatilization of elements other than the 10 ones, please check with H.S. Wang at haiyang.wang@anu.edu.au
1H                -11        -11        -11
2He               -11        -11        -11
3Li               -11        -11        -11
4Be               -11        -11        -11
5B                -11        -11        -11
6C         -2.4237127  0.0844622  0.0857878
7N                -11        -11        -11
8O         -0.7411776  0.0242519  0.0229598
9F                -11        -11        -11
10Ne              -11        -11        -11
11Na       -0.5965004  0.0199938  0.0182362
12Mg       -0.0655346  0.0166798  0.0149326
13Al        0.0000000  0.0000000  0.0000000
14Si       -0.0969105  0.0161591   0.014451
15P               -11        -11        -11
16S        -1.1817093   0.038929  0.0384264
17Cl              -11        -11        -11
18Ar              -11        -11        -11
19K               -11        -11        -11
20Ca        0.0000000  0.0000000  0.0000000
21Sc              -11        -11        -11
22Ti              -11        -11        -11
23V               -11        -11        -11
24Cr              -11        -11        -11
25Mn              -11        -11        -11
26Fe       -0.0679264  0.0166349  0.0148869
27Co              -11        -11        -11
28Ni       -0.0453482  0.0170584  0.0153227
29Cu              -11        -11        -11
30Zn              -11        -11        -11
31Ga              -11        -11        -11
32Ge              -11        -11        -11
33As              -11        -11        -11
34Se              -11        -11        -11
35Br              -11        -11        -11
36Kr              -11        -11        -11
37Rb              -11        -11        -11
38Sr              -11        -11        -11
39Y               -11        -11        -11
40Zr              -11        -11        -11
41Nb              -11        -11        -11
42Mo              -11        -11        -11
44Ru              -11        -11        -11
45Rh              -11        -11        -11
46Pd              -11        -11        -11
47Ag              -11        -11        -11
48Cd              -11        -11        -11
49In              -11        -11        -11
50Sn              -11        -11        -11
51Sb              -11        -11        -11
52Te              -11        -11        -11
53I               -11        -11        -11
54Xe              -11        -11        -11
55Cs              -11        -11        -11
56Ba              -11        -11        -11
57La              -11        -11        -11
58Ce              -11        -11        -11
59Pr              -11        -11        -11
60Nd              -11        -11        -11
62Sm              -11        -11        -11
63Eu              -11        -11        -11
64Gd              -11        -11        -11
65Tb              -11        -11        -11
66Dy              -11        -11        -11
67Ho              -11        -11        -11
68Er              -11        -11        -11
69Tm              -11        -11        -11
70Yb              -11        -11        -11
71Lu              -11        -11        -11
72Hf              -11        -11        -11
73Ta              -11        -11        -11
74W               -11        -11        -11
75Re              -11        -11        -11
76Os              -11        -11        -11
77Ir              -11        -11        -11
78Pt              -11        -11        -11
79Au              -11        -11        -11
80Hg              -11        -11        -11
81Tl              -11        -11        -11
82Pb              -11        -11        -11
83Bi              -11        -11        -11
90Th              -11        -11        -11
92U               -11        -11        -11
