#Protosolar abundance outputed by solarabu_new7.pro
Z   abu/dex   abuerrup/dex  abuerrdn/dex  abu/Nsi1e6  abuerrup/Nsi1e6  abuerrdn/Nsi1e6
 1  12.0000000   0.0000000   0.0000000  2.818382e+10  0.000000e+00  0.000000e+00
 2  10.9800005   0.0141421   0.0141421  2.691537e+09  8.908828e+07  8.908828e+07
 3   3.2874126   0.0413927   0.0413927  5.462769e+01  5.462769e+00  5.462769e+00
 4   1.3591452   0.0281901   0.0281901  6.443843e-01  4.321448e-02  4.321448e-02
 5   2.8212709   0.0408537   0.0408537  1.867546e+01  1.842068e+00  1.842068e+00
 6   8.4700003   0.0509902   0.0509902  8.317640e+06  1.036208e+06  1.036208e+06
 7   7.8699999   0.0509902   0.0509902  2.089295e+06  2.602834e+05  2.602834e+05
 8   8.7299995   0.0509902   0.0509902  1.513559e+07  1.885585e+06  1.885585e+06
 9   4.4546542   0.0632331   0.0632331  8.028865e+02  1.258388e+02  1.258388e+02
10   7.9699998   0.1004988   0.1004988  2.630266e+06  6.848476e+05  6.848476e+05
11   6.2768536   0.0281231   0.0281231  5.331548e+04  3.566733e+03  3.566733e+03
12   7.5705562   0.1006749   0.0253414  1.048470e+06  2.735284e+05  5.942844e+04
13   6.4643078   0.0217660   0.0217660  8.209327e+04  4.219195e+03  4.219195e+03
14   7.5500002   0.0119430   0.0119430  1.000000e+06  2.788124e+04  2.788124e+04
15   5.4597487   0.0232266   0.0232266  8.123601e+03  4.462868e+02  4.462868e+02
16   7.1810865   0.0177494   0.0177494  4.276481e+05  1.783982e+04  1.783982e+04
17   5.2657495   0.0602034   0.0602034  5.196961e+03  7.727444e+02  7.727444e+02
18   6.4400001   0.1303840   0.1303840  7.762469e+04  2.718077e+04  2.718077e+04
19   5.1015019   0.0306021   0.0306021  3.560425e+03  2.599320e+02  2.599320e+02
20   6.3380232   0.0199528   0.0199528  6.137945e+04  2.885739e+03  2.885739e+03
21   3.1036644   0.1375664   0.0500573  3.578197e+01  1.333490e+01  3.895458e+00
22   4.9487896   0.0241980   0.0241980  2.504893e+03  1.435291e+02  1.435291e+02
23   3.9923506   0.0243308   0.0243308  2.769177e+02  1.595680e+01  1.595680e+01
24   5.6694398   0.0189863   0.0189863  1.316557e+04  5.883338e+02  5.883338e+02
25   5.4959955   0.0217962   0.0217962  8.830699e+03  4.545016e+02  4.545016e+02
26   7.4952607   0.0158296   0.0158296  8.815772e+05  3.272528e+04  3.272528e+04
27   4.9135633   0.0162448   0.0162448  2.309740e+03  8.803235e+01  8.803235e+01
28   6.2388797   0.0241854   0.0241854  4.885166e+04  2.797677e+03  2.797677e+03
29   4.2467942   0.0387620   0.0387620  4.975008e+02  4.644521e+01  4.644521e+01
30   4.6389365   0.0162403   0.0162403  1.227259e+03  4.676182e+01  4.676182e+01
31   3.0983534   0.0228873   0.0228873  3.534708e+01  1.912745e+00  1.912745e+00
32   3.6299591   0.0335385   0.0335385  1.202151e+02  9.651522e+00  9.651522e+00
33   2.3350306   0.0374265   0.0374265  6.095798e+00  5.486218e-01  5.486218e-01
34   3.3791800   0.0293838   0.0293838  6.748069e+01  4.723649e+00  4.723649e+00
35   2.5797396   0.0606978   0.0606978  1.070877e+01  1.606316e+00  1.606316e+00
36   3.2900000   0.0608276   0.0608276  5.495406e+01  8.261994e+00  8.261994e+00
37   2.4160757   0.1646349   0.0495130  7.346422e+00  3.386321e+00  7.915702e-01
38   2.9082375   0.0267455   0.0267455  2.281587e+01  1.449256e+00  1.449256e+00
39   2.1919727   0.0197221   0.0197221  4.385033e+00  2.037227e-01  2.037227e-01
40   2.5792513   0.0190123   0.0190123  1.069674e+01  4.786772e-01  4.786772e-01
41   1.4680662   0.0347924   0.0347924  8.280687e-01  6.906828e-02  6.906828e-02
42   1.9607248   0.0381862   0.0381862  2.574686e+00  2.366353e-01  2.366353e-01
44   1.8025293   0.0205948   0.0205948  1.788666e+00  8.686429e-02  8.686429e-02
45   1.0638046   0.0346087   0.2328859  3.264408e-01  2.707851e-02  1.354913e-01
46   1.6811199   0.0261689   0.1618766  1.352446e+00  8.399844e-02  4.208162e-01
47   1.1877441   0.0890769   0.3187305  4.342538e-01  9.886080e-02  2.257984e-01
48   1.7483625   0.0289922   0.0289922  1.578930e+00  1.090026e-01  1.090026e-01
49   0.8003120   0.0211150   0.0211150  1.779558e-01  8.865803e-03  8.865803e-03
50   2.0936584   0.0531257   0.0531257  3.496697e+00  4.550003e-01  4.550003e-01
51   1.0449543   0.0569048   0.0569048  3.125748e-01  4.376047e-02  4.376047e-02
52   2.2211752   0.0293838   0.0293838  4.690022e+00  3.283015e-01  3.283015e-01
53   1.5898914   0.0791813   0.0791813  1.096203e+00  2.192407e-01  2.192407e-01
54   2.2799997   0.0608276   0.0608276  5.370313e+00  8.073924e-01  8.073924e-01
55   1.1197071   0.0253059   0.0253059  3.712848e-01  2.227709e-02  2.227709e-02
56   2.2195072   0.0204258   0.0204258  4.672049e+00  2.249859e-01  2.249859e-01
57   1.2031870   0.0187603   0.0987471  4.499736e-01  1.986349e-02  9.151423e-02
58   1.6150179   0.0122994   0.0122994  1.161496e+00  3.336420e-02  3.336420e-02
59   0.7897921   0.0123021   0.0123021  1.736969e-01  4.990606e-03  4.990606e-03
60   1.4832029   0.0123010   0.0123010  8.574379e-01  2.463333e-02  2.463333e-02
62   0.9792833   0.0122996   0.0122996  2.687098e-01  7.718903e-03  7.718903e-03
63   0.5572004   0.0122993   0.0122993  1.016717e-01  2.920527e-03  2.920527e-03
64   1.0906477   0.0123016   0.0123016  3.472545e-01  9.976803e-03  9.976803e-03
65   0.3473740   0.0127541   0.0127541  6.271531e-02  1.869094e-03  1.869094e-03
66   1.1637764   0.0123011   0.0123011  4.109379e-01  1.180591e-02  1.180591e-02
67   0.5035448   0.0127700   0.0127700  8.985552e-02  2.681336e-03  2.681336e-03
68   0.9647951   0.0124856   0.0124856  2.598934e-01  7.580147e-03  7.580147e-03
69   0.1571789   0.0122995   0.0122995  4.047421e-02  1.162637e-03  1.162637e-03
70   0.9571123   0.0127718   0.0127718  2.553361e-01  7.620456e-03  7.620456e-03
71   0.1248360   0.0127328   0.0127328  3.756956e-02  1.117779e-03  1.117779e-03
72   0.7497730   0.1912169   0.0181748  1.584065e-01  8.762453e-02  6.492376e-03
73  -0.1123714   0.0413927   0.0413927  2.175846e-02  2.175846e-03  2.175846e-03
74   0.6978970   0.2825563   0.0567326  1.405714e-01  1.288632e-01  1.721426e-02
75   0.3011551   0.0211893   0.0211893  5.638384e-02  2.819192e-03  2.819192e-03
76   1.3909426   0.0197158   0.0197158  6.933336e-01  3.220088e-02  3.220088e-02
77   1.3619661   0.1687450   0.0277703  6.485830e-01  3.079733e-01  4.017442e-02
78   1.6450109   0.0211893   0.0211893  1.244545e+00  6.222726e-02  6.222726e-02
79   0.8653660   0.0429456   0.0429456  2.067121e-01  2.148569e-02  2.148569e-02
80   1.2108450   0.1760913   0.1760913  4.579785e-01  2.289892e-01  2.289892e-01
81   0.8077097   0.0446339   0.0446339  1.810128e-01  1.959284e-02  1.959284e-02
82   2.0505362   0.0313336   0.0313336  3.166183e+00  2.368769e-01  2.368769e-01
83   0.6903791   0.0374265   0.0374265  1.381588e-01  1.243429e-02  1.243429e-02
90   0.0799103   0.0284090   0.0284090  3.387737e-02  2.290142e-03  2.290142e-03
92  -0.4990540   0.0293838   0.0293838  8.931939e-03  6.252357e-04  6.252357e-04
