#For the magnitude of devolatilization of elements other than the 10 ones, please check with H.S. Wang at haiyang.wang@anu.edu.au
H               -11       -11       -11
He              -11       -11       -11
Li              -11       -11       -11
Be              -11       -11       -11
B               -11       -11       -11
C         0.0037695 0.0008092 0.0006757
N               -11       -11       -11
O         0.1814774 0.0104224 0.0093449
F               -11       -11       -11
Ne             -11       -11       -11
Na       0.2532209 0.0119301 0.0104127
Mg       0.8599346 0.0336696 0.0290651
Al       1.0000000 0.0000000 0.0000000
Si       0.7999991 0.0303268 0.0261817
P              -11       -11       -11
S        0.0658098 0.0061715 0.0055727
Cl             -11       -11       -11
Ar             -11       -11       -11
K              -11       -11       -11
Ca       1.0000000 0.0000000 0.0000000
Sc             -11       -11       -11
Ti             -11       -11       -11
V              -11       -11       -11
Cr             -11       -11       -11
Mn             -11       -11       -11
Fe       0.8552116 0.0333928 0.0288185
Co             -11       -11       -11
Ni       0.9008486 0.0360879 0.0312295
Cu             -11       -11       -11
Zn             -11       -11       -11
Ga             -11       -11       -11
Ge             -11       -11       -11
As             -11       -11       -11
Se             -11       -11       -11
Br             -11       -11       -11
Kr             -11       -11       -11
Rb             -11       -11       -11
Sr             -11       -11       -11
Y              -11       -11       -11
Zr             -11       -11       -11
Nb             -11       -11       -11
Mo             -11       -11       -11
Ru             -11       -11       -11
Rh             -11       -11       -11
Pd             -11       -11       -11
Ag             -11       -11       -11
Cd             -11       -11       -11
In             -11       -11       -11
Sn             -11       -11       -11
Sb             -11       -11       -11
Te             -11       -11       -11
I              -11       -11       -11
Xe             -11       -11       -11
Cs             -11       -11       -11
Ba             -11       -11       -11
La             -11       -11       -11
Ce             -11       -11       -11
Pr             -11       -11       -11
Nd             -11       -11       -11
Sm             -11       -11       -11
Eu             -11       -11       -11
Gd             -11       -11       -11
Tb             -11       -11       -11
Dy             -11       -11       -11
Ho             -11       -11       -11
Er             -11       -11       -11
Tm             -11       -11       -11
Yb             -11       -11       -11
Lu             -11       -11       -11
Hf             -11       -11       -11
Ta             -11       -11       -11
W              -11       -11       -11
Re             -11       -11       -11
Os             -11       -11       -11
Ir             -11       -11       -11
Pt             -11       -11       -11
Au             -11       -11       -11
Hg             -11       -11       -11
Tl             -11       -11       -11
Pb             -11       -11       -11
Bi             -11       -11       -11
Th             -11       -11       -11
U              -11       -11       -11
