      elem    Df             Df_errup       Df_errdn      Df_3sig_lmt_up  Df_3sig_lmt_dn  Df_5sig_lmt_up  Df_5sig_lmt_dn
      1H      0.0005650      0.0001720      0.0001343      0.0012538      0.0002503      0.0021333      0.0001455
      2He      0.0000000      0.0000000      0.0000000      0.0000000      0.0000000      0.0000000      0.0000000
      3Li      0.4830376      0.0172192      0.0145993      0.5365586      0.4405501      0.5754946      0.4143222
      4Be      1.0000000      0.0000000      0.0000000      1.0000000      1.0000000      1.0000000      1.0000000
      5B      0.2079331      0.0110489      0.0098291      0.2428722      0.1798176      0.2693689      0.1632193
      6C      0.0037695      0.0008092      0.0006757      0.0067558      0.0020841      0.0099678      0.0014039
      7N      0.0001338      0.0000505      0.0000374      0.0003494      0.0000501      0.0006626      0.0000260
      8O      0.1814774      0.0104224      0.0093449      0.2145746      0.1548614      0.2399287      0.1393232
      9F      0.0951260      0.0075969      0.0068835      0.1197853      0.0759338      0.1396819      0.0653420
     10Ne      0.0000000      0.0000000      0.0000000      0.0000000      0.0000000      0.0000000      0.0000000
     11Na      0.2532209      0.0119301      0.0104127      0.2907240      0.2232497      0.3187634      0.2052667
     12Mg      0.8599346      0.0336696      0.0290651      0.9649499      0.7756532      1.0000000      0.7241064
     13Al      1.0000000      0.0000000      0.0000000      1.0000000      1.0000000      1.0000000      1.0000000
     14Si      0.7999991      0.0303268      0.0261817      0.8944720      0.7239965      0.9635737      0.6773831
     15P      0.6326933      0.0224995      0.0191993      0.7026205      0.5768254      0.7534814      0.5423486
     16S      0.0658098      0.0061715      0.0055727      0.0861148      0.0504675      0.1030233      0.0422823
     17Cl      0.2436398      0.0117646      0.0103135      0.2806655      0.2139906      0.3084249      0.1962572
     18Ar      0.0000039      0.0000022      0.0000015      0.0000152      0.0000010      0.0000376      0.0000004
     19K      0.3030757      0.0127225      0.0108758      0.3428678      0.2716052      0.3722577      0.2524619
     20Ca      1.0000000      0.0000000      0.0000000      1.0000000      1.0000000      1.0000000      1.0000000
     21Sc      1.0000000      0.0000000      0.0000000      1.0000000      1.0000000      1.0000000      1.0000000
     22Ti      1.0000000      0.0000000      0.0000000      1.0000000      1.0000000      1.0000000      1.0000000
     23V      1.0000000      0.0000000      0.0000000      1.0000000      1.0000000      1.0000000      1.0000000
     24Cr      0.7690184      0.0287757      0.0247267      0.8586159      0.6971980      0.9240746      0.6530840
     25Mn      0.5083853      0.0180302      0.0152788      0.5644171      0.4639126      0.6051620      0.4364472
     26Fe      0.8552116      0.0333928      0.0288185      0.9593527      0.7716368      1.0000000      0.7205085
     27Co      0.8984030      0.0359427      0.0310989      1.0000000      0.8082986      1.0000000      0.7533075
     28Ni      0.9008486      0.0360879      0.0312295      1.0000000      0.8103705      1.0000000      0.7551586
     29Cu      0.3388469      0.0136462      0.0116634      0.3814563      0.3050474      0.4127992      0.2844090
     30Zn      0.0913701      0.0074329      0.0067335      0.1155320      0.0726216      0.1350935      0.0623123
     31Ga      0.2630742      0.0120885      0.0105035      0.3010315      0.2328049      0.3293324      0.2145860
     32Ge      0.1876518      0.0105731      0.0094685      0.2211919      0.1606554      0.2468200      0.1448518
     33As      0.3737131      0.0144907      0.0123822      0.4188926      0.3377838      0.4520074      0.3157712
     34Se      0.0786546      0.0068408      0.0061899      0.1010137      0.0615079      0.1193487      0.0522078
     35Br      0.0320568      0.0039211      0.0034916      0.0453176      0.0226816      0.0570819      0.0180098
     36Kr      0.0000056      0.0000031      0.0000021      0.0000211      0.0000015      0.0000508      0.0000006
     37Rb      0.1305449      0.0089398      0.0080915      0.1592428      0.1077438      0.1817996      0.0948012
     38Sr      1.0000000      0.0000000      0.0000000      1.0000000      1.0000000      1.0000000      1.0000000
     39Y      1.0000000      0.0000000      0.0000000      1.0000000      1.0000000      1.0000000      1.0000000
     40Zr      1.0000000      0.0000000      0.0000000      1.0000000      1.0000000      1.0000000      1.0000000
     41Nb      1.0000000      0.0000000      0.0000000      1.0000000      1.0000000      1.0000000      1.0000000
     42Mo      1.0000000      0.0000000      0.0000000      1.0000000      1.0000000      1.0000000      1.0000000
     44Ru      1.0000000      0.0000000      0.0000000      1.0000000      1.0000000      1.0000000      1.0000000
     45Rh      1.0000000      0.0000000      0.0366066      1.0000000      0.8941515      1.0000000      0.8298861
     46Pd      0.8318790      0.0320853      0.0276932      0.9318953      0.7515345      1.0000000      0.7023302
     47Ag      0.2921473      0.0124931      0.0107031      0.3312521      0.2612000      0.3601884      0.2424119
     48Cd      0.0615425      0.0059304      0.0053504      0.0811031      0.0468462      0.0974868      0.0390547
     49In      0.0299510      0.0037469      0.0033308      0.0426565      0.0210285      0.0539967      0.0166114
     50Sn      0.0815976      0.0069837      0.0063214      0.1043929      0.0640645      0.1230269      0.0545228
     51Sb      0.2742319      0.0122543      0.0105921      0.3126621      0.2436671      0.3412296      0.2252075
     52Te      0.0837484      0.0070855      0.0064151      0.1068542      0.0659397      0.1256998      0.0562247
     53I      0.0297460      0.0037296      0.0033149      0.0423964      0.0208684      0.0536944      0.0164764
     54Xe      0.0000151      0.0000075      0.0000051      0.0000506      0.0000044      0.0001131      0.0000019
     55Cs      0.1299460      0.0089198      0.0080734      0.1585843      0.1071994      0.1811027      0.0942928
     56Ba      1.0000000      0.0000000      0.0000000      1.0000000      1.0000000      1.0000000      1.0000000
     57La      1.0000000      0.0000000      0.0000000      1.0000000      1.0000000      1.0000000      1.0000000
     58Ce      1.0000000      0.0000000      0.0000000      1.0000000      1.0000000      1.0000000      1.0000000
     59Pr      1.0000000      0.0000000      0.0000000      1.0000000      1.0000000      1.0000000      1.0000000
     60Nd      1.0000000      0.0000000      0.0000000      1.0000000      1.0000000      1.0000000      1.0000000
     62Sm      1.0000000      0.0000000      0.0000000      1.0000000      1.0000000      1.0000000      1.0000000
     63Eu      0.9082117      0.0365281      0.0316231      1.0000000      0.8166072      1.0000000      0.7607301
     64Gd      1.0000000      0.0000000      0.0000000      1.0000000      1.0000000      1.0000000      1.0000000
     65Tb      1.0000000      0.0000000      0.0000000      1.0000000      1.0000000      1.0000000      1.0000000
     66Dy      1.0000000      0.0000000      0.0000000      1.0000000      1.0000000      1.0000000      1.0000000
     67Ho      1.0000000      0.0000000      0.0000000      1.0000000      1.0000000      1.0000000      1.0000000
     68Er      1.0000000      0.0000000      0.0000000      1.0000000      1.0000000      1.0000000      1.0000000
     69Tm      1.0000000      0.0000000      0.0000000      1.0000000      1.0000000      1.0000000      1.0000000
     70Yb      1.0000000      0.0000000      0.0000000      1.0000000      1.0000000      1.0000000      1.0000000
     71Lu      1.0000000      0.0000000      0.0000000      1.0000000      1.0000000      1.0000000      1.0000000
     72Hf      1.0000000      0.0000000      0.0000000      1.0000000      1.0000000      1.0000000      1.0000000
     73Ta      1.0000000      0.0000000      0.0000000      1.0000000      1.0000000      1.0000000      1.0000000
     74W      1.0000000      0.0000000      0.0000000      1.0000000      1.0000000      1.0000000      1.0000000
     75Re      1.0000000      0.0000000      0.0000000      1.0000000      1.0000000      1.0000000      1.0000000
     76Os      1.0000000      0.0000000      0.0000000      1.0000000      1.0000000      1.0000000      1.0000000
     77Ir      1.0000000      0.0000000      0.0000000      1.0000000      1.0000000      1.0000000      1.0000000
     78Pt      1.0000000      0.0000000      0.0000000      1.0000000      1.0000000      1.0000000      1.0000000
     79Au      0.3673029      0.0143402      0.0122532      0.4120249      0.3317561      0.4448254      0.3099906
     80Hg      0.0018687      0.0004617      0.0003761      0.0036242      0.0009522      0.0056361      0.0006075
     81Tl      0.0291375      0.0036780      0.0032673      0.0416230      0.0203936      0.0527944      0.0160763
     82Pb      0.0918335      0.0074534      0.0067524      0.1160576      0.0730294      0.1356610      0.0626848
     83Bi      0.1009691      0.0078418      0.0071068      0.1263690      0.0811142      0.1467604      0.0700974
     90Th      1.0000000      0.0000000      0.0000000      1.0000000      1.0000000      1.0000000      1.0000000
     92U      1.0000000      0.0000000      0.0000000      1.0000000      1.0000000      1.0000000      1.0000000
