atomid      elemid      CIppm       CINtoSi     CIerr%      CIdex       Cierrdex    PHONtoSi    PHOdex      PHOerrdex   recommabu  recommerr    note
1           H           19700       5.13E+06    10.0        8.24        0.04        3.02E+10    12.00       0.00001     12.00       0.00001     s
2           He          0.00917     0.601       999.00      1.31        0.00        2.54E+09    10.925      0.02        10.93       0.02        s
3           Li          1.47        55.6        13          3.28        0.05        3.80E-01    1.10        0.10        3.28        0.05        m
4           Be          0.021       0.612       7           1.32        0.03        7.24E-01    1.38        0.09        1.32        0.03        m
5           B           0.775       18.8        10          2.81        0.04        1.51E+01    2.70        0.17        2.81        0.04        m
6           C           34800       7.60E+05    10          7.41        0.04        7.41E+06    8.39        0.04        8.39        0.04        s
7           N           2950        55300       15          6.28        0.06        2.19E+06    7.86        0.12        7.86        0.12        s
8           O           459000      7.63E+06    10          8.42        0.04        1.62E+07    8.73        0.07        8.73        0.07        s
9           F           58.2        804         15          4.44        0.06        1.10E+03    4.56        0.30        4.44        0.06        m
10          Ne          0.00018     0.00235     999.00      -1.10       0.00        3.39E+06    8.05        0.10        8.05        0.10        s
11          Na          4990        57000       5           6.29        0.02        6.03E+04    6.30        0.03        6.29        0.04        a
12          Mg          95800       1.03E+06    3           7.55        0.01        1.05E+06    7.54        0.06        7.54        0.06        a
13          Al          8500        82700       3           6.45        0.01        8.91E+04    6.47        0.07        6.46        0.07        a
14          Si          107000      1.00E+06    3           7.53        0.01        1.00E+06    7.52        0.06        7.53        0.01        m
15          P           967         8190        10          5.45        0.04        8.71E+03    5.46        0.04        5.45        0.05        a
16          S           53500       4.38E+05    5           7.17        0.02        4.17E+05    7.14        0.01        7.16        0.02        a
17          Cl          698         5170        15          5.25        0.06        9.55E+03    5.50        0.30        5.25        0.06        m
18          Ar          0.00133     0.00962     999.00      -0.48       0.00        9.55E+04    6.50        0.10        6.50        0.10        s
19          K           544         3650        5           5.10        0.02        3.98E+03    5.12        0.03        5.11        0.04        a
20          Ca          9220        60400       5           6.31        0.02        6.46E+04    6.33        0.07        6.31        0.02        m
21          Sc          5.9         34.4        5           3.07        0.02        3.80E+01    3.10        0.10        3.07        0.02        m
22          Ti          451         2470        8           4.93        0.03        2.40E+03    4.90        0.06        4.93        0.03        m
23          V           54.3        280         5           3.98        0.02        3.02E+02    4.00        0.02        3.99        0.03        a
24          Cr          2650        13400       3           5.66        0.01        1.32E+04    5.64        0.01        5.65        0.02        a
25          Mn          1930        9220        3           5.50        0.01        7.08E+03    5.37        0.05        5.50        0.01        m
26          Fe          185000      8.70E+05    3           7.47        0.01        8.51E+05    7.45        0.08        7.46        0.08        a
27          Co          506         2250        3           4.89        0.01        2.51E+03    4.92        0.08        4.90        0.08        a
28          Ni          10800       48300       3           6.22        0.01        5.13E+04    6.23        0.04        6.22        0.04        a
29          Cu          131         541         10          4.27        0.04        4.90E+02    4.21        0.04        4.27        0.04        m
30          Zn          323         1300        10          4.65        0.04        1.26E+03    4.62        0.15        4.65        0.04        m
31          Ga          9.71        36.6        5           3.10        0.02        2.29E+01    2.88        0.10        3.10        0.02        m
32          Ge          32.6        118         10          3.60        0.04        1.15E+02    3.58        0.05        3.59        0.06        a
33          As          1.74        6.1         9           2.32        0.04        999.00      999.00      999.00      2.32        0.04        m
34          Se          20.3        67.5        7           3.36        0.03        999.00      999.00      999.00      3.36        0.03        m
35          Br          3.26        10.7        15          2.56        0.06        999.00      999.00      999.00      2.56        0.06        m
36          Kr          5.22E-05    1.64E-04    999.00      -2.25       999.00      5.75E+01    3.28        0.08        3.28        0.08        s
37          Rb          2.31        7.1         7           2.38        0.03        1.20E+01    2.60        0.10        2.38        0.03        m
38          Sr          7.81        23.4        7           2.90        0.03        2.51E+01    2.92        0.05        2.90        0.03        m
39          Y           1.53        4.52        10          2.19        0.04        4.90E+00    2.21        0.02        2.20        0.04        a
40          Zr          3.62        10.4        10          2.55        0.04        1.15E+01    2.58        0.02        2.57        0.04        a
41          Nb          0.279       0.788       10          1.43        0.04        7.94E-01    1.42        0.06        1.42        0.07        a
42          Mo          0.973       2.66        10          1.96        0.04        2.51E+00    1.92        0.05        1.94        0.06        a
44          Ru          0.686       1.78        6           1.78        0.03        2.09E+00    1.84        0.07        1.78        0.03        m
45          Rh          0.139       0.355       10          1.08        0.04        3.98E-01    1.12        0.12        1.10        0.13        a
46          Pd          0.558       1.38        5           1.67        0.02        1.38E+00    1.66        0.04        1.67        0.04        a
47          Ag          0.201       0.489       5           1.22        0.02        2.63E-01    0.94        0.30        1.22        0.02        m
48          Cd          0.674       1.57        7           1.73        0.03        1.78E+00    1.77        0.11        1.73        0.03        m
49          In          0.0778      0.178       7           0.78        0.03        9.55E-01    1.50        0.00        0.78        0.03        m
50          Sn          1.63        3.6         15          2.09        0.06        3.02E+00    2.00        0.30        2.09        0.06        m
51          Sb          0.145       0.313       15          1.03        0.06        3.02E-01    1.00        0.30        1.03        0.06        m
52          Te          2.28        4.69        7           2.20        0.03        999.00      999.00      999.00      2.20        0.03        m
53          I           0.53        1.1         20          1.57        0.08        999.00      999.00      999.00      1.57        0.08        m
54          Xe          1.74E-04    3.48E-04    999.00      -1.93       999.00      5.62E+00    2.27        0.08        2.27        0.08        s
55          Cs          0.188       0.371       5           1.10        0.02        999.00      999.00      999.00      1.10        0.02        m
56          Ba          2.41        4.61        6           2.20        0.03        4.47E+00    2.17        0.07        2.18        0.07        a
57          La          0.242       0.457       5           1.19        0.02        4.17E-01    1.14        0.03        1.19        0.02        m
58          Ce          0.622       1.17        5           1.60        0.02        1.23E+00    1.61        0.06        1.60        0.06        a
59          Pr          0.0946      0.176       7           0.78        0.03        1.74E-01    0.76        0.04        0.77        0.05        a
60          Nd          0.471       0.857       5           1.47        0.02        8.51E-01    1.45        0.05        1.47        0.02        m
62          Sm          0.152       0.265       5           0.96        0.02        3.02E-01    1.00        0.05        0.96        0.02        m
63          Eu          0.0578      0.1         5           0.53        0.02        1.00E-01    0.52        0.04        0.53        0.04        a
64          Gd          0.205       0.342       5           1.07        0.02        3.89E-01    1.11        0.05        1.09        0.06        a
65          Tb          0.0384      0.063       7           0.34        0.03        5.75E-02    0.28        0.10        0.34        0.03        m
66          Dy          0.255       0.412       5           1.15        0.02        4.07E-01    1.13        0.06        1.14        0.06        a
67          Ho          0.0572      0.091       7           0.49        0.03        9.77E-02    0.51        0.10        0.49        0.03        m
68          Er          0.163       0.256       5           0.94        0.02        2.75E-01    0.96        0.06        0.95        0.06        a
69          Tm          0.0261      0.041       7           0.14        0.03        4.17E-02    0.14        0.04        0.14        0.03        m
70          Yb          0.169       0.256       5           0.94        0.02        2.19E-01    0.86        0.10        0.94        0.02        m
71          Lu          0.0253      0.038       5           0.11        0.02        3.98E-02    0.12        0.08        0.11        0.02        m
72          Hf          0.106       0.156       5           0.73        0.02        2.29E-01    0.88        0.08        0.73        0.02        m
73          Ta          0.0145      0.021       10          -0.14       0.04        999.00      999.00      999.00      -0.14       0.04        m
74          W           0.096       0.137       10          0.67        0.04        3.89E-01    1.11        0.15        0.67        0.04        m
75          Re          0.0393      0.0554      10          0.28        0.04        999.00      999.00      999.00      0.28        0.04        m
76          Os          0.493       0.68        8           1.37        0.03        8.51E-01    1.45        0.11        1.37        0.03        m
77          Ir          0.469       0.64        5           1.34        0.02        7.24E-01    1.38        0.05        1.36        0.06        a
78          Pt          0.947       1.27        8           1.64        0.03        1.66E+00    1.74        0.30        1.64        0.03        m
79          Au          0.146       0.195       10          0.82        0.04        3.09E-01    1.01        0.18        0.82        0.04        m
80          Hg          0.35        0.458       20          1.19        0.08        999.00      999.00      999.00      1.19        0.08        m
81          Tl          0.142       0.182       8           0.79        0.03        2.69E-01    0.95        0.20        0.79        0.03        m
82          Pb          2.63        3.33        7           2.06        0.03        3.02E+00    2.00        0.06        2.06        0.03        m
83          Bi          0.11        0.138       9           0.67        0.04        999.00      999.00      999.00      0.67        0.04        m
90          Th          0.031       0.0351      8           0.08        0.03        3.63E-02    0.08        999.00      0.08        0.03        m
92          U           0.0081      0.00893     8           -0.52       0.03        1.02E-02    -0.47       999.00      -0.52       0.03        m
