      1H     -3.2479773      0.1154056      0.1178322     -2.2022624     -4.3563499
      2He     -9.8021021      0.3631325      0.3745995     -6.7124472    -13.0464621
      3Li     -0.3160191      0.0152121      0.0133286     -0.1846514     -0.4688673
      4Be      0.0000000      0.0000000      0.0000000      0.0000000      0.0000000
      5B     -0.6820765      0.0224848      0.0210304     -0.4365516     -0.9542217
      6C     -2.4237127      0.0844622      0.0857878     -1.6350493     -3.2634583
      7N     -3.8735085      0.1389565      0.1422172     -2.6327181     -5.1857414
      8O     -0.7411776      0.0242519      0.0229598     -0.4772220     -1.0325851
      9F     -1.0217009      0.0333682      0.0326214     -0.6702623     -1.4045305
     10Ne    -11.5559998      0.4294996      0.4434004     -7.9193821    -15.3719549
     11Na     -0.5965004      0.0199938      0.0182362     -0.3776627     -0.8407564
     12Mg     -0.0655346      0.0166798      0.0149326     -0.0087919     -0.1405191
     13Al      0.0000000      0.0000000      0.0000000      0.0000000      0.0000000
     14Si     -0.0969105      0.0161591      0.0144510     -0.0318270     -0.1790752
     15P     -0.1988068      0.0151759      0.0133829     -0.1039920     -0.3134546
     16S     -1.1817093      0.0389290      0.0384264     -0.7803712     -1.6166859
     17Cl     -0.6132517      0.0204802      0.0187845     -0.3891907     -0.8629684
     18Ar     -5.4093680      0.1969457      0.2023511     -3.6896114     -7.2221375
     19K     -0.5184488      0.0178585      0.0158710     -0.3239522     -0.7372684
     20Ca      0.0000000      0.0000000      0.0000000      0.0000000      0.0000000
     21Sc      0.0000000      0.0000000      0.0000000      0.0000000      0.0000000
     22Ti      0.0000000      0.0000000      0.0000000      0.0000000      0.0000000
     23V      0.0000000      0.0000000      0.0000000      0.0000000     -0.0092802
     24Cr     -0.1140633      0.0159541      0.0141935     -0.0444193     -0.2010937
     25Mn     -0.2938070      0.0151357      0.0132523     -0.1693659     -0.4394159
     26Fe     -0.0679264      0.0166349      0.0148869     -0.0105486     -0.1434584
     27Co     -0.0465288      0.0170364      0.0152998      0.0000000     -0.1171646
     28Ni     -0.0453482      0.0170584      0.0153227      0.0000000     -0.1157141
     29Cu     -0.4699965      0.0171471      0.0152121     -0.2906103     -0.6730261
     30Zn     -1.0391960      0.0339661      0.0332460     -0.6823020     -1.4277277
     31Ga     -0.5799217      0.0195112      0.0176954     -0.3662543     -0.8187752
     32Ge     -0.7266474      0.0238056      0.0224857     -0.4672232     -1.0133190
     33As     -0.4274616      0.0165214      0.0146332     -0.2613401     -0.6166286
     34Se     -1.1042757      0.0362186      0.0355978     -0.7270856     -1.5140162
     35Br     -1.4940796      0.0501156      0.0500822     -0.9953270     -2.0308571
     36Kr     -5.2479715      0.1908474      0.1960239     -3.5785470     -7.0081415
     37Rb     -0.8842402      0.0287666      0.0277892     -0.5756698     -1.2222719
     38Sr      0.0000000      0.0000000      0.0000000      0.0000000      0.0000000
     39Y      0.0000000      0.0000000      0.0000000      0.0000000      0.0000000
     40Zr      0.0000000      0.0000000      0.0000000      0.0000000      0.0000000
     41Nb      0.0000000      0.0000000      0.0000000      0.0000000      0.0000000
     42Mo      0.0000000      0.0000000      0.0000000      0.0000000      0.0000000
     44Ru      0.0000000      0.0000000      0.0000000      0.0000000      0.0000000
     45Rh      0.0000000      0.0000000      0.0161963      0.0000000     -0.0599651
     46Pd     -0.0799398      0.0164356      0.0147038     -0.0193682     -0.1582203
     47Ag     -0.5343981      0.0181856      0.0162096     -0.3349276     -0.7584162
     48Cd     -1.2108250      0.0399542      0.0395002     -0.8004074     -1.6552906
     49In     -1.5235891      0.0511913      0.0512009     -1.0156341     -2.0699844
     50Sn     -1.0883226      0.0356646      0.0350199     -0.7161078     -1.4928646
     51Sb     -0.5618820      0.0189857      0.0171070     -0.3538408     -0.7948570
     52Te     -1.0770235      0.0352716      0.0346098     -0.7083325     -1.4778833
     53I     -1.5265713      0.0513000      0.0513134     -1.0176859     -2.0739374
     54Xe     -4.8196969      0.1746650      0.1792355     -3.2838326     -6.4402924
     55Cs     -0.8862371      0.0288324      0.0278568     -0.5770435     -1.2249193
     56Ba      0.0000000      0.0000000      0.0000000      0.0000000      0.0000000
     57La      0.0000000      0.0000000      0.0000000      0.0000000      0.0000000
     58Ce      0.0000000      0.0000000      0.0000000      0.0000000      0.0000000
     59Pr      0.0000000      0.0000000      0.0000000      0.0000000      0.0000000
     60Nd      0.0000000      0.0000000      0.0000000      0.0000000      0.0000000
     62Sm      0.0000000      0.0000000      0.0000000      0.0000000      0.0000000
     63Eu     -0.0418129      0.0171251      0.0153913      0.0000000     -0.1113691
     64Gd      0.0000000      0.0000000      0.0000000      0.0000000      0.0000000
     65Tb      0.0000000      0.0000000      0.0000000      0.0000000      0.0000000
     66Dy      0.0000000      0.0000000      0.0000000      0.0000000      0.0000000
     67Ho      0.0000000      0.0000000      0.0000000      0.0000000      0.0000000
     68Er      0.0000000      0.0000000      0.0000000      0.0000000      0.0000000
     69Tm      0.0000000      0.0000000      0.0000000      0.0000000      0.0000000
     70Yb      0.0000000      0.0000000      0.0000000      0.0000000      0.0000000
     71Lu      0.0000000      0.0000000      0.0000000      0.0000000      0.0000000
     72Hf      0.0000000      0.0000000      0.0000000      0.0000000      0.0000000
     73Ta      0.0000000      0.0000000      0.0000000      0.0000000      0.0000000
     74W      0.0000000      0.0000000      0.0000000      0.0000000      0.0000000
     75Re      0.0000000      0.0000000      0.0000000      0.0000000      0.0000000
     76Os      0.0000000      0.0000000      0.0000000      0.0000000      0.0000000
     77Ir      0.0000000      0.0000000      0.0000000      0.0000000      0.0000000
     78Pt      0.0000000      0.0000000      0.0000000      0.0000000     -0.0377045
     79Au     -0.4349756      0.0166330      0.0147352     -0.2665105     -0.6265917
     80Hg     -2.7284508      0.0958862      0.0976009     -1.8447533     -3.6675100
     81Tl     -1.5355482      0.0516272      0.0516529     -1.0238638     -2.0858402
     82Pb     -1.0369987      0.0338907      0.0331678     -0.6807899     -1.4248142
     83Bi     -0.9958115      0.0324841      0.0316973     -0.6524467     -1.3702040
     90Th      0.0000000      0.0000000      0.0000000      0.0000000      0.0000000
     92U      0.0000000      0.0000000      0.0000000      0.0000000      0.0000000
