      1H      0.0005650      0.0001720      0.0001343      0.0062768      0.0000440
      2He      0.0000000      0.0000000      0.0000000      0.0000002      0.0000000
      3Li      0.4830376      0.0172192      0.0145993      0.6536551      0.3397291
      4Be      1.0000000      0.0000000      0.0000000      1.0000000      1.0000000
      5B      0.2079331      0.0110489      0.0098291      0.3659725      0.1111164
      6C      0.0037695      0.0008092      0.0006757      0.0231713      0.0005452
      7N      0.0001338      0.0000505      0.0000374      0.0023296      0.0000065
      8O      0.1814774      0.0104224      0.0093449      0.3332560      0.0927716
      9F      0.0951260      0.0075969      0.0068835      0.2136671      0.0393976
     10Ne      0.0000000      0.0000000      0.0000000      0.0000000      0.0000000
     11Na      0.2532209      0.0119301      0.0104127      0.4191190      0.1442924
     12Mg      0.8599346      0.0336696      0.0290651      0.9799594      0.7235705
     13Al      1.0000000      0.0000000      0.0000000      1.0000000      1.0000000
     14Si      0.7999991      0.0303268      0.0261817      0.9293365      0.6621018
     15P      0.6326933      0.0224995      0.0191993      0.7870603      0.4858983
     16S      0.0658098      0.0061715      0.0055727      0.1658169      0.0241721
     17Cl      0.2436398      0.0117646      0.0103135      0.4081402      0.1370981
     18Ar      0.0000039      0.0000022      0.0000015      0.0002044      0.0000001
     19K      0.3030757      0.0127225      0.0108758      0.4742942      0.1831182
     20Ca      1.0000000      0.0000000      0.0000000      1.0000000      1.0000000
     21Sc      1.0000000      0.0000000      0.0000000      1.0000000      1.0000000
     22Ti      1.0000000      0.0000000      0.0000000      1.0000000      1.0000000
     23V      1.0000000      0.0000000      0.0000000      1.0000000      0.9788582
     24Cr      0.7690184      0.0287757      0.0247267      0.9027775      0.6293704
     25Mn      0.5083853      0.0180302      0.0152788      0.6770709      0.3635667
     26Fe      0.8552116      0.0333928      0.0288185      0.9760036      0.7186900
     27Co      0.8984030      0.0359427      0.0310989      1.0000000      0.7635463
     28Ni      0.9008486      0.0360879      0.0312295      1.0000000      0.7661008
     29Cu      0.3388469      0.0136462      0.0116634      0.5121412      0.2123117
     30Zn      0.0913701      0.0074329      0.0067335      0.2078251      0.0373484
     31Ga      0.2630742      0.0120885      0.0105035      0.4302746      0.1517836
     32Ge      0.1876518      0.0105731      0.0094685      0.3410176      0.0969797
     33As      0.3737131      0.0144907      0.0123822      0.5478477      0.2417527
     34Se      0.0786546      0.0068408      0.0061899      0.1874625      0.0306185
     35Br      0.0320568      0.0039211      0.0034916      0.1010818      0.0093141
     36Kr      0.0000056      0.0000031      0.0000021      0.0002639      0.0000001
     37Rb      0.1305449      0.0089398      0.0080915      0.2656625      0.0599416
     38Sr      1.0000000      0.0000000      0.0000000      1.0000000      1.0000000
     39Y      1.0000000      0.0000000      0.0000000      1.0000000      1.0000000
     40Zr      1.0000000      0.0000000      0.0000000      1.0000000      1.0000000
     41Nb      1.0000000      0.0000000      0.0000000      1.0000000      1.0000000
     42Mo      1.0000000      0.0000000      0.0000000      1.0000000      1.0000000
     44Ru      1.0000000      0.0000000      0.0000000      1.0000000      1.0000000
     45Rh      1.0000000      0.0000000      0.0366066      1.0000000      0.8710335
     46Pd      0.8318790      0.0320853      0.0276932      0.9563829      0.6946719
     47Ag      0.2921473      0.0124931      0.0107031      0.4624582      0.1744150
     48Cd      0.0615425      0.0059304      0.0053504      0.1583407      0.0221161
     49In      0.0299510      0.0037469      0.0033308      0.0964641      0.0085117
     50Sn      0.0815976      0.0069837      0.0063214      0.1922614      0.0321466
     51Sb      0.2742319      0.0122543      0.0105921      0.4427506      0.1603773
     52Te      0.0837484      0.0070855      0.0064151      0.1957345      0.0332749
     53I      0.0297460      0.0037296      0.0033149      0.0960095      0.0084346
     54Xe      0.0000151      0.0000075      0.0000051      0.0005202      0.0000004
     55Cs      0.1299460      0.0089198      0.0080734      0.2648235      0.0595773
     56Ba      1.0000000      0.0000000      0.0000000      1.0000000      1.0000000
     57La      1.0000000      0.0000000      0.0000000      1.0000000      1.0000000
     58Ce      1.0000000      0.0000000      0.0000000      1.0000000      1.0000000
     59Pr      1.0000000      0.0000000      0.0000000      1.0000000      1.0000000
     60Nd      1.0000000      0.0000000      0.0000000      1.0000000      1.0000000
     62Sm      1.0000000      0.0000000      0.0000000      1.0000000      1.0000000
     63Eu      0.9082117      0.0365281      0.0316231      1.0000000      0.7738038
     64Gd      1.0000000      0.0000000      0.0000000      1.0000000      1.0000000
     65Tb      1.0000000      0.0000000      0.0000000      1.0000000      1.0000000
     66Dy      1.0000000      0.0000000      0.0000000      1.0000000      1.0000000
     67Ho      1.0000000      0.0000000      0.0000000      1.0000000      1.0000000
     68Er      1.0000000      0.0000000      0.0000000      1.0000000      1.0000000
     69Tm      1.0000000      0.0000000      0.0000000      1.0000000      1.0000000
     70Yb      1.0000000      0.0000000      0.0000000      1.0000000      1.0000000
     71Lu      1.0000000      0.0000000      0.0000000      1.0000000      1.0000000
     72Hf      1.0000000      0.0000000      0.0000000      1.0000000      1.0000000
     73Ta      1.0000000      0.0000000      0.0000000      1.0000000      1.0000000
     74W      1.0000000      0.0000000      0.0000000      1.0000000      1.0000000
     75Re      1.0000000      0.0000000      0.0000000      1.0000000      1.0000000
     76Os      1.0000000      0.0000000      0.0000000      1.0000000      1.0000000
     77Ir      1.0000000      0.0000000      0.0000000      1.0000000      1.0000000
     78Pt      1.0000000      0.0000000      0.0000000      1.0000000      0.9168442
     79Au      0.3673029      0.0143402      0.0122532      0.5413642      0.2362699
     80Hg      0.0018687      0.0004617      0.0003761      0.0142971      0.0002150
     81Tl      0.0291375      0.0036780      0.0032673      0.0946534      0.0082065
     82Pb      0.0918335      0.0074534      0.0067524      0.2085499      0.0375998
     83Bi      0.1009691      0.0078418      0.0071068      0.2226144      0.0426379
     90Th      1.0000000      0.0000000      0.0000000      1.0000000      1.0000000
     92U      1.0000000      0.0000000      0.0000000      1.0000000      1.0000000
