      1H     -3.2479773      0.1154056      0.1178322     -2.9017606     -3.6014738     -2.6709495     -3.8371382
      2He     -9.8021021      0.3631325      0.3745995     -8.7127047    -10.9259005     -7.9864397    -11.6750994
      3Li     -0.3160191      0.0152121      0.0133286     -0.2703829     -0.3560047     -0.2399588     -0.3826618
      4Be      0.0000000      0.0000000      0.0000000      0.0000000      0.0000000      0.0000000      0.0000000
      5B     -0.6820765      0.0224848      0.0210304     -0.6146221     -0.7451677     -0.5696526     -0.7872286
      6C     -2.4237127      0.0844622      0.0857878     -2.1703262     -2.6810760     -2.0014019     -2.8526516
      7N     -3.8735085      0.1389565      0.1422172     -3.4566388     -4.3001599     -3.1787257     -4.5845942
      8O     -0.7411776      0.0242519      0.0229598     -0.6684217     -0.8100569     -0.6199179     -0.8559764
      9F     -1.0217009      0.0333682      0.0326214     -0.9215963     -1.1195650     -0.8548600     -1.1848078
     10Ne    -11.5559998      0.4294996      0.4434004    -10.2675009    -12.8862009     -9.4085016    -13.7730017
     11Na     -0.5965004      0.0199938      0.0182362     -0.5365191     -0.6512091     -0.4965315     -0.6876815
     12Mg     -0.0655346      0.0166798      0.0149326     -0.0154952     -0.1103324      0.0000000     -0.1401976
     13Al      0.0000000      0.0000000      0.0000000      0.0000000      0.0000000      0.0000000      0.0000000
     14Si     -0.0969105      0.0161591      0.0144510     -0.0484332     -0.1402636     -0.0161151     -0.1691656
     15P     -0.1988068      0.0151759      0.0133829     -0.1532792     -0.2389556     -0.1229274     -0.2657215
     16S     -1.1817093      0.0389290      0.0384264     -1.0649223     -1.2969885     -0.9870644     -1.3738413
     17Cl     -0.6132517      0.0204802      0.0187845     -0.5518110     -0.6696053     -0.5108506     -0.7071743
     18Ar     -5.4093680      0.1969457      0.2023511     -4.8185310     -6.0164213     -4.4246397     -6.4211235
     19K     -0.5184488      0.0178585      0.0158710     -0.4648733     -0.5660620     -0.4291563     -0.5978041
     20Ca      0.0000000      0.0000000      0.0000000      0.0000000      0.0000000      0.0000000      0.0000000
     21Sc      0.0000000      0.0000000      0.0000000      0.0000000      0.0000000      0.0000000      0.0000000
     22Ti      0.0000000      0.0000000      0.0000000      0.0000000      0.0000000      0.0000000      0.0000000
     23V      0.0000000      0.0000000      0.0000000      0.0000000      0.0000000      0.0000000      0.0000000
     24Cr     -0.1140633      0.0159541      0.0141935     -0.0662011     -0.1566439     -0.0342930     -0.1850309
     25Mn     -0.2938070      0.0151357      0.0132523     -0.2483998     -0.3335638     -0.2181284     -0.3600683
     26Fe     -0.0679264      0.0166349      0.0148869     -0.0180217     -0.1125871      0.0000000     -0.1423609
     27Co     -0.0465288      0.0170364      0.0152998      0.0000000     -0.0924282      0.0000000     -0.1230277
     28Ni     -0.0453482      0.0170584      0.0153227      0.0000000     -0.0913164      0.0000000     -0.1219618
     29Cu     -0.4699965      0.0171471      0.0152121     -0.4185553     -0.5156326     -0.3842611     -0.5460567
     30Zn     -1.0391960      0.0339661      0.0332460     -0.9372978     -1.1389341     -0.8693657     -1.2054262
     31Ga     -0.5799217      0.0195112      0.0176954     -0.5213881     -0.6330078     -0.4823656     -0.6683986
     32Ge     -0.7266474      0.0238056      0.0224857     -0.6552307     -0.7941046     -0.6076196     -0.8390760
     33As     -0.4274616      0.0165214      0.0146332     -0.3778974     -0.4713612     -0.3448545     -0.5006275
     34Se     -1.1042757      0.0362186      0.0355978     -0.9956198     -1.2110691     -0.9231825     -1.2822647
     35Br     -1.4940796      0.0501156      0.0500822     -1.3437328     -1.6443262     -1.2435017     -1.7444906
     36Kr     -5.2479715      0.1908474      0.1960239     -4.6754293     -5.8360434     -4.2937346     -6.2280912
     37Rb     -0.8842402      0.0287666      0.0277892     -0.7979403     -0.9676077     -0.7404070     -1.0231860
     38Sr      0.0000000      0.0000000      0.0000000      0.0000000      0.0000000      0.0000000      0.0000000
     39Y      0.0000000      0.0000000      0.0000000      0.0000000      0.0000000      0.0000000      0.0000000
     40Zr      0.0000000      0.0000000      0.0000000      0.0000000      0.0000000      0.0000000      0.0000000
     41Nb      0.0000000      0.0000000      0.0000000      0.0000000      0.0000000      0.0000000      0.0000000
     42Mo      0.0000000      0.0000000      0.0000000      0.0000000      0.0000000      0.0000000      0.0000000
     44Ru      0.0000000      0.0000000      0.0000000      0.0000000      0.0000000      0.0000000      0.0000000
     45Rh      0.0000000      0.0000000      0.0161963      0.0000000     -0.0485889      0.0000000     -0.0809815
     46Pd     -0.0799398      0.0164356      0.0147038     -0.0306329     -0.1240511      0.0000000     -0.1534586
     47Ag     -0.5343981      0.0181856      0.0162096     -0.4798414     -0.5830269     -0.4434703     -0.6154461
     48Cd     -1.2108250      0.0399542      0.0395002     -1.0909624     -1.3293257     -1.0110540     -1.4083261
     49In     -1.5235891      0.0511913      0.0512009     -1.3700151     -1.6771917     -1.2676325     -1.7795935
     50Sn     -1.0883226      0.0356646      0.0350199     -0.9813290     -1.1933823     -0.9099998     -1.2634220
     51Sb     -0.5618820      0.0189857      0.0171070     -0.5049248     -0.6132030     -0.4669533     -0.6474171
     52Te     -1.0770235      0.0352716      0.0346098     -0.9712086     -1.1808529     -0.9006653     -1.2500725
     53I     -1.5265713      0.0513000      0.0513134     -1.3726711     -1.6805115     -1.2700710     -1.7831383
     54Xe     -4.8196969      0.1746650      0.1792355     -4.2957020     -5.3574033     -3.9463720     -5.7158742
     55Cs     -0.8862371      0.0288324      0.0278568     -0.7997398     -0.9698076     -0.7420750     -1.0255213
     56Ba      0.0000000      0.0000000      0.0000000      0.0000000      0.0000000      0.0000000      0.0000000
     57La      0.0000000      0.0000000      0.0000000      0.0000000      0.0000000      0.0000000      0.0000000
     58Ce      0.0000000      0.0000000      0.0000000      0.0000000      0.0000000      0.0000000      0.0000000
     59Pr      0.0000000      0.0000000      0.0000000      0.0000000      0.0000000      0.0000000      0.0000000
     60Nd      0.0000000      0.0000000      0.0000000      0.0000000      0.0000000      0.0000000      0.0000000
     62Sm      0.0000000      0.0000000      0.0000000      0.0000000      0.0000000      0.0000000      0.0000000
     63Eu     -0.0418129      0.0171251      0.0153913      0.0000000     -0.0879868      0.0000000     -0.1187694
     64Gd      0.0000000      0.0000000      0.0000000      0.0000000      0.0000000      0.0000000      0.0000000
     65Tb      0.0000000      0.0000000      0.0000000      0.0000000      0.0000000      0.0000000      0.0000000
     66Dy      0.0000000      0.0000000      0.0000000      0.0000000      0.0000000      0.0000000      0.0000000
     67Ho      0.0000000      0.0000000      0.0000000      0.0000000      0.0000000      0.0000000      0.0000000
     68Er      0.0000000      0.0000000      0.0000000      0.0000000      0.0000000      0.0000000      0.0000000
     69Tm      0.0000000      0.0000000      0.0000000      0.0000000      0.0000000      0.0000000      0.0000000
     70Yb      0.0000000      0.0000000      0.0000000      0.0000000      0.0000000      0.0000000      0.0000000
     71Lu      0.0000000      0.0000000      0.0000000      0.0000000      0.0000000      0.0000000      0.0000000
     72Hf      0.0000000      0.0000000      0.0000000      0.0000000      0.0000000      0.0000000      0.0000000
     73Ta      0.0000000      0.0000000      0.0000000      0.0000000      0.0000000      0.0000000      0.0000000
     74W      0.0000000      0.0000000      0.0000000      0.0000000      0.0000000      0.0000000      0.0000000
     75Re      0.0000000      0.0000000      0.0000000      0.0000000      0.0000000      0.0000000      0.0000000
     76Os      0.0000000      0.0000000      0.0000000      0.0000000      0.0000000      0.0000000      0.0000000
     77Ir      0.0000000      0.0000000      0.0000000      0.0000000      0.0000000      0.0000000      0.0000000
     78Pt      0.0000000      0.0000000      0.0000000      0.0000000      0.0000000      0.0000000      0.0000000
     79Au     -0.4349756      0.0166330      0.0147352     -0.3850765     -0.4791811     -0.3518105     -0.5086514
     80Hg     -2.7284508      0.0958862      0.0976009     -2.4407921     -3.0212536     -2.2490196     -3.2164555
     81Tl     -1.5355482      0.0516272      0.0516529     -1.3806667     -1.6905069     -1.2774124     -1.7938128
     82Pb     -1.0369987      0.0338907      0.0331678     -0.9353266     -1.1365023     -0.8675451     -1.2028379
     83Bi     -0.9958115      0.0324841      0.0316973     -0.8983593     -1.0909033     -0.8333912     -1.1542978
     90Th      0.0000000      0.0000000      0.0000000      0.0000000      0.0000000      0.0000000      0.0000000
     92U      0.0000000      0.0000000      0.0000000      0.0000000      0.0000000      0.0000000      0.0000000
